0,0,1,19,5,44,156;
1,0,70,71,5,70,255;
2,0,107,71,5,40,133;
3,0,164,172,5,65,182;
4,0,69,179,5,53,138;
5,0,3,179,5,53,216;
6,0,176,27,30,118,364;
7,0,109,19,30,104,283;
8,0,47,27,30,78,208;
9,0,113,19,30,39,122;
10,0,54,27,30,59,164;
11,0,153,19,30,40,244;
12,0,106,27,30,22,200;
13,0,82,172,30,27,65;
14,0,78,27,30,21,47;
15,0,30,19,30,14,47;
16,0,55,179,30,27,62;
17,0,81,19,30,20,44;
18,1,68,27,50,12,31;
19,1,78,27,30,135,360,18 14,1 1;
20,1,164,172,25,399,1062,33 3,1 1;
21,1,76,179,25,420,996,4 17,1 1;
22,1,54,27,15,750,1872,35 10,1 1;
23,1,109,19,25,456,1260,33 7,1 1;
24,1,83,179,10,850,2500,35 5 1,1 1 1;
25,1,23,27,15,900,2600,6 8 33,1 1 1;
26,1,196,179,25,1916,3030,8 4 2,1 1 1;
27,1,151,179,10,930,2316,1 13 16 33,1 1 1 1;
28,1,74,19,15,550,2700,13 14 15 16 17,1 1 1 1 1;
29,1,175,172,5,1626,3420,20 22,1 1;
30,1,78,27,5,1150,1900,34 19,1 1;
31,1,23,27,5,1536,3840,35 25,1 1;
32,1,83,179,5,2490,5622,34 24,1 1;
33,1,130,172,75,20,36;
34,1,123,179,75,193,297;
35,1,96,179,75,55,123;
36,11,16,172,3,5015,14240,19 34 28 24,1 1 1 1;
37,0,19,179,0,10,200;
38,0,88,179,0,89000,89000;
39,1,89,179,15,9,999;
40,1,90,19,8,999,9999;
41,1,76,179,3,4315,11972,27 24 34,1 1 1;
